Len:(5) Way: -->(1.0/1.0)-->(0.5/1.0)-->(0.0/1.0)-->(0.0/0.5)-->(0.0/0.0)

 1.0/ 1.0(1);  1.0/ 0.5(3.5);  1.0/ 0.0(1);  1.0/-0.5(1);  1.0/-1.0(1); 
 0.5/ 1.0(3.5);  0.5/ 0.5(2.7);  0.5/ 0.0(1);  0.5/-0.5(1);  0.5/-1.0(1); 
 0.0/ 1.0(3);  0.0/ 0.5(1);  0.0/ 0.0(1);  0.0/-0.5(2.8);  0.0/-1.0(1); 
-0.5/ 1.0(1); -0.5/ 0.5(1); -0.5/ 0.0(1); -0.5/-0.5(1); -0.5/-1.0(1); 
-1.0/ 1.0(1); -1.0/ 0.5(1); -1.0/ 0.0(1); -1.0/-0.5(1); -1.0/-1.0(1); 

ai setway: Len:(3) Way: -->(0.0/-0.5)-->(0.5/-0.5)-->(0.5/0.0)
			Len:(3) Way: -->(0.0/-0.5)-->(0.5/-0.5)-->(0.5/0.0)
			
-1.0/-1.0(1); -1.0/-0.5(1); -1.0/ 0.0(-1); -1.0/ 0.5(-1); -1.0/ 1.0(-1); 
-0.5/-1.0(1); -0.5/-0.5(-1); -0.5/ 0.0(-1); -0.5/ 0.5(-1); -0.5/ 1.0(-1); 
 0.0/-1.0(1);  0.0/-0.5(1);  0.0/ 0.0(1);  0.0/ 0.5(-1);  0.0/ 1.0(-1); 
 0.5/-1.0(1);  0.5/-0.5(1);  0.5/ 0.0(1);  0.5/ 0.5(-1);  0.5/ 1.0(1); 
 1.0/-1.0(1);  1.0/-0.5(1);  1.0/ 0.0(1);  1.0/ 0.5(1);  1.0/ 1.0(1); 
 
 tree block
 -1.0/-1.0(1); -1.0/-0.5(1); -1.0/ 0.0(-1); -1.0/ 0.5(-1); -1.0/ 1.0(-1); 
-0.5/-1.0(1); -0.5/-0.5(-1); -0.5/ 0.0(-1); -0.5/ 0.5(-1); -0.5/ 1.0(-1); 
 0.0/-1.0(1);  0.0/-0.5(1);  0.0/ 0.0(1);  0.0/ 0.5(-1);  0.0/ 1.0(-1); 
 0.5/-1.0(1);  0.5/-0.5(1);  0.5/ 0.0(1);  0.5/ 0.5(-1);  0.5/ 1.0(1); 
 1.0/-1.0(1);  1.0/-0.5(1);  1.0/ 0.0(1);  1.0/ 0.5(1);  1.0/ 1.0(1); 
 
 from: (-0.5, -2.0, -0.5) to: (0.5, -2.0, 0.5)
unblock nodes
(-1.0, -2.0, 0.0)(-1.0, -2.0, 0.5)(-1.0, -2.0, 1.0)(-0.5, -2.0, 1.0)(0.0, -2.0, 1.0)
 
 
 unblock nodes
(-1.0, -2.0, 0.0)(-1.0, -2.0, 0.5)(-1.0, -2.0, 1.0)(-0.5, -2.0, 1.0)(0.0, -2.0, 1.0)
tree block center:(0.0, 0.0, 0.0) rad:0.24494898
min:(-0.24494898, 0.0, -0.24494898) max:(0.24494898, 0.0, 0.24494898)
block nodes:
(-0.5, -2.0, -0.5)(-0.5, -2.0, 0.0)(-0.5, -2.0, 0.5)(0.0, -2.0, 0.5)(0.5, -2.0, 0.5)

(-1.0, -2.0, -1.0)(-1.0, -2.0, -0.5)(-1.0, -2.0, 0.0)(-1.0, -2.0, 0.5)(-1.0, -2.0, 1.0)(-0.5, -2.0, 1.0)(0.0, -2.0, 1.0)(0.5, -2.0, 1.0)(1.0, -2.0, 1.0)
from: (-0.5, -2.0, -0.5) to: (0.5, -2.0, 0.5)

(-0.5, -2.0, -0.5)(-0.5, -2.0, 0.0)(-0.5, -2.0, 0.5)(-0.5, -2.0, 1.0)(0.0, -2.0, -1.0)(0.0, -2.0, -0.5)(0.0, -2.0, 0.0)(0.0, -2.0, 0.5)(0.0, -2.0, 1.0)(0.5, -2.0, -1.0)(0.5, -2.0, -0.5)(0.5, -2.0, 0.0)(0.5, -2.0, 0.5)
(-0.5, -2.0, -0.5)(-0.5, -2.0, 0.0)(-0.5, -2.0, 0.5)(0.0, -2.0, -0.5)(0.0, -2.0, 0.0)(0.0, -2.0, 0.5)(0.5, -2.0, -0.5)(0.5, -2.0, 0.0)(0.5, -2.0, 0.5)

(-1.0, -2.0, -1.0)(-1.0, -2.0, -0.5)(-1.0, -2.0, 0.0)(-1.0, -2.0, 0.5)(-1.0, -2.0, 1.0)
(-0.5, -2.0, -1.0)(-0.5, -2.0, -0.5)(-0.5, -2.0, 0.0)(-0.5, -2.0, 0.5)(-0.5, -2.0, 1.0)
(0.0, -2.0, -1.0)(0.0, -2.0, -0.5)(0.0, -2.0, 0.0)(0.0, -2.0, 0.5)(0.0, -2.0, 1.0)
(0.5, -2.0, -1.0)(0.5, -2.0, -0.5)(0.5, -2.0, 0.0)(0.5, -2.0, 0.5)(0.5, -2.0, 1.0)
(1.0, -2.0, -1.0)(1.0, -2.0, -0.5)(1.0, -2.0, 0.0)(1.0, -2.0, 0.5)(1.0, -2.0, 1.0)